Spanish
12.55
1.42
4.69
5.88
13.72
0.69
1.01
0.70
6.27
0.44
0.01
4.98
3.15
6.73
8.70
2.51
0.88
6.89
8.00
4.64
3.93
0.90
0.02
0.22
0.90
0.52
English
8.17
1.49
2.78
4.25
12.70
2.23
2.01
6.09
6.97
0.15
0.77
4.02
2.41
6.75
7.50
1.93
0.09
5.99
6.32
9.05
2.76
0.98
2.36
0.15
1.97
0.07
Francais
7.64
0.90
3.26
3.67
14.71
1.07
0.87
0.74
7.53
0.55
0.05
5.46
2.97
7.10
5.38
3.02
1.37
6.55
7.95
7.24
6.31
1.63
0.11
0.39
0.31
0.14
Deutsch
6.51
1.89
3.06
5.08
17.40
1.66
3.01
4.76
7.55
0.27
1.21
3.44
2.53
9.78
2.51
0.79
0.02
7.00
7.27
6.15
4.35
0.67
1.89
0.03
0.04
1.13
